{
  "accessors": [
    {
      "bufferView": 2,
      "componentType": 5126,
      "count": 65532,
      "max": [
        9.3372516632080078,
        8.158635139465332,
        2.2063307762145996
      ],
      "min": [
        -7.9102978706359863,
        -13.372685432434082,
        -7.5010442733764648
      ],
      "type": "VEC3"
    },
    {
      "bufferView": 2,
      "byteOffset": 786384,
      "componentType": 5126,
      "count": 65532,
      "max": [
        0.99979925155639648,
        0.99998956918716431,
        0.99999988079071045
      ],
      "min": [
        -0.99941450357437134,
        -0.99998921155929565,
        -0.99538302421569824
      ],
      "type": "VEC3"
    },
    {
      "bufferView": 3,
      "componentType": 5126,
      "count": 65532,
      "max": [
        0.99999815225601196,
        0.99982786178588867,
        0.9997592568397522,
        1
      ],
      "min": [
        -0.99185717105865479,
        -0.99990630149841309,
        -0.99975931644439697,
        -1
      ],
      "type": "VEC4"
    },
    {
      "bufferView": 1,
      "componentType": 5126,
      "count": 65532,
      "max": [
        0.998779296875,
        0.99875593185424805
      ],
      "min": [
        0.004638671875,
        0.0012440681457519531
      ],
      "type": "VEC2"
    },
    {
      "bufferView": 0,
      "componentType": 5125,
      "count": 360738,
      "max": [
        65531
      ],
      "min": [
        0
      ],
      "type": "SCALAR"
    },
    {
      "bufferView": 2,
      "byteOffset": 1572768,
      "componentType": 5126,
      "count": 65532,
      "max": [
        9.4260711669921875,
        2.7614469528198242,
        -2.6668782234191895
      ],
      "min": [
        -7.994746208190918,
        -8.1337003707885742,
        -7.4868369102478027
      ],
      "type": "VEC3"
    },
    {
      "bufferView": 2,
      "byteOffset": 2359152,
      "componentType": 5126,
      "count": 65532,
      "max": [
        0.9991300106048584,
        0.99999076128005981,
        0.99999988079071045
      ],
      "min": [
        -0.99999946355819702,
        -0.99999910593032837,
        -0.72208696603775024
      ],
      "type": "VEC3"
    },
    {
      "bufferView": 3,
      "byteOffset": 1048512,
      "componentType": 5126,
      "count": 65532,
      "max": [
        0.99997532367706299,
        0.99999743700027466,
        0.99999707937240601,
        1
      ],
      "min": [
        -0.95210707187652588,
        -0.99998420476913452,
        -0.99975931644439697,
        -1
      ],
      "type": "VEC4"
    },
    {
      "bufferView": 1,
      "byteOffset": 524256,
      "componentType": 5126,
      "count": 65532,
      "max": [
        0.998779296875,
        0.97213238477706909
      ],
      "min": [
        0.001220703125,
        0.0012440681457519531
      ],
      "type": "VEC2"
    },
    {
      "bufferView": 0,
      "byteOffset": 1442952,
      "componentType": 5125,
      "count": 356196,
      "max": [
        65531
      ],
      "min": [
        0
      ],
      "type": "SCALAR"
    },
    {
      "bufferView": 2,
      "byteOffset": 3145536,
      "componentType": 5126,
      "count": 65532,
      "max": [
        9.4178733825683594,
        0.81757712364196777,
        1.9242739677429199
      ],
      "min": [
        -4.7005147933959961,
        -5.6183571815490723,
        -7.4542336463928223
      ],
      "type": "VEC3"
    },
    {
      "bufferView": 2,
      "byteOffset": 3931920,
      "componentType": 5126,
      "count": 65532,
      "max": [
        0.99998354911804199,
        0.98985153436660767,
        0.99999988079071045
      ],
      "min": [
        -0.99981856346130371,
        -0.99999523162841797,
        -0.98571240901947021
      ],
      "type": "VEC3"
    },
    {
      "bufferView": 3,
      "byteOffset": 2097024,
      "componentType": 5126,
      "count": 65532,
      "max": [
        0.99998152256011963,
        0.99956554174423218,
        0.9997592568397522,
        1
      ],
      "min": [
        -0.99835950136184692,
        -0.99999099969863892,
        -0.99975931644439697,
        -1
      ],
      "type": "VEC4"
    },
    {
      "bufferView": 1,
      "byteOffset": 1048512,
      "componentType": 5126,
      "count": 65532,
      "max": [
        0.998779296875,
        0.98158746957778931
      ],
      "min": [
        0.008056640625,
        0.0012440681457519531
      ],
      "type": "VEC2"
    },
    {
      "bufferView": 0,
      "byteOffset": 2867736,
      "componentType": 5125,
      "count": 356343,
      "max": [
        65531
      ],
      "min": [
        0
      ],
      "type": "SCALAR"
    },
    {
      "bufferView": 2,
      "byteOffset": 4718304,
      "componentType": 5126,
      "count": 11225,
      "max": [
        1.1941871643066406,
        -0.75781899690628052,
        2.3808250427246094
      ],
      "min": [
        -2.0184400081634521,
        -3.6582190990447998,
        -2.8377044200897217
      ],
      "type": "VEC3"
    },
    {
      "bufferView": 2,
      "byteOffset": 4853004,
      "componentType": 5126,
      "count": 11225,
      "max": [
        0.93969321250915527,
        0.96753358840942383,
        0.94461518526077271
      ],
      "min": [
        -0.999919593334198,
        -0.99140733480453491,
        -0.74680864810943604
      ],
      "type": "VEC3"
    },
    {
      "bufferView": 3,
      "byteOffset": 3145536,
      "componentType": 5126,
      "count": 11225,
      "max": [
        0.995189368724823,
        0.99568337202072144,
        0.99975895881652832,
        1
      ],
      "min": [
        -0.94891649484634399,
        -0.98295128345489502,
        -0.99977892637252808,
        -1
      ],
      "type": "VEC4"
    },
    {
      "bufferView": 1,
      "byteOffset": 1572768,
      "componentType": 5126,
      "count": 11225,
      "max": [
        0.996337890625,
        0.91913414001464844
      ],
      "min": [
        0.011962890625,
        0.0012440681457519531
      ],
      "type": "VEC2"
    },
    {
      "bufferView": 0,
      "byteOffset": 4293108,
      "componentType": 5125,
      "count": 62016,
      "max": [
        11224
      ],
      "min": [
        0
      ],
      "type": "SCALAR"
    }
  ],
  "asset": {
    "extras": {
      "author": "my-take3D (https://sketchfab.com/my-take3D)",
      "license": "CC-BY-4.0 (http://creativecommons.org/licenses/by/4.0/)",
      "source": "https://sketchfab.com/models/dddedb7d4fd7498fb5bd918ce911f478",
      "title": "2016-01-06 Tibu Ron Adrian 002 - take3D"
    },
    "generator": "Sketchfab-3.18.6",
    "version": "2.0"
  },
  "bufferViews": [
    {
      "buffer": 0,
      "byteLength": 4541172,
      "byteOffset": 0,
      "name": "floatBufferViews",
      "target": 34963
    },
    {
      "buffer": 0,
      "byteLength": 1662568,
      "byteOffset": 4541172,
      "byteStride": 8,
      "name": "floatBufferViews",
      "target": 34962
    },
    {
      "buffer": 0,
      "byteLength": 4987704,
      "byteOffset": 6203740,
      "byteStride": 12,
      "name": "floatBufferViews",
      "target": 34962
    },
    {
      "buffer": 0,
      "byteLength": 3325136,
      "byteOffset": 11191444,
      "byteStride": 16,
      "name": "floatBufferViews",
      "target": 34962
    }
  ],
  "buffers": [
    {
      "byteLength": 14516580,
      "uri": "scene.bin"
    }
  ],
  "extensionsUsed": [
    "KHR_materials_unlit"
  ],
  "images": [
    {
      "uri": "textures/Material_0_baseColor.jpeg"
    }
  ],
  "materials": [
    {
      "doubleSided": true,
      "emissiveFactor": [
        0,
        0,
        0
      ],
      "extensions": {
        "KHR_materials_unlit": {}
      },
      "name": "Material_0",
      "pbrMetallicRoughness": {
        "baseColorFactor": [
          1,
          1,
          1,
          1
        ],
        "baseColorTexture": {
          "index": 0,
          "texCoord": 0
        },
        "metallicFactor": 0,
        "roughnessFactor": 1
      }
    }
  ],
  "meshes": [
    {
      "name": "mainMeshNode_Material_0_0",
      "primitives": [
        {
          "attributes": {
            "NORMAL": 1,
            "POSITION": 0,
            "TANGENT": 2,
            "TEXCOORD_0": 3
          },
          "indices": 4,
          "material": 0,
          "mode": 4
        }
      ]
    },
    {
      "name": "mainMeshNode_Material_0_0",
      "primitives": [
        {
          "attributes": {
            "NORMAL": 6,
            "POSITION": 5,
            "TANGENT": 7,
            "TEXCOORD_0": 8
          },
          "indices": 9,
          "material": 0,
          "mode": 4
        }
      ]
    },
    {
      "name": "mainMeshNode_Material_0_0",
      "primitives": [
        {
          "attributes": {
            "NORMAL": 11,
            "POSITION": 10,
            "TANGENT": 12,
            "TEXCOORD_0": 13
          },
          "indices": 14,
          "material": 0,
          "mode": 4
        }
      ]
    },
    {
      "name": "mainMeshNode_Material_0_0",
      "primitives": [
        {
          "attributes": {
            "NORMAL": 16,
            "POSITION": 15,
            "TANGENT": 17,
            "TEXCOORD_0": 18
          },
          "indices": 19,
          "material": 0,
          "mode": 4
        }
      ]
    }
  ],
  "nodes": [
    {
      "children": [
        1
      ],
      "name": "RootNode (gltf orientation matrix)",
      "rotation": [
        -0.70710678118654746,
        -0,
        -0,
        0.70710678118654757
      ]
    },
    {
      "children": [
        2
      ],
      "matrix": [
        0,
        -1,
        0,
        0,
        0,
        0,
        -1,
        0,
        1,
        0,
        0,
        0,
        3.3205623626708984,
        3.3609471321105957,
        0.040384888648986816,
        1
      ],
      "name": "RootNode (model correction matrix)"
    },
    {
      "children": [
        3
      ],
      "matrix": [
        1,
        0,
        0,
        0,
        0,
        0,
        1,
        0,
        0,
        -1,
        0,
        0,
        0,
        0,
        0,
        1
      ],
      "name": "8f474ebc8dfe425a81ba1a481fc7fa09.fbx"
    },
    {
      "children": [
        4,
        6,
        8,
        10,
        12,
        14,
        16,
        18,
        20,
        22,
        24,
        26,
        28,
        30,
        32,
        34,
        36,
        38,
        40,
        42,
        44,
        46,
        48,
        50,
        52,
        54,
        56,
        58,
        60,
        62,
        64,
        66,
        68,
        70,
        72,
        74,
        76,
        78,
        80,
        82,
        84,
        86,
        88
      ],
      "name": "RootNode"
    },
    {
      "children": [
        5
      ],
      "matrix": [
        0.60649816129677836,
        -0.39171624607220634,
        -0.69189476288430296,
        0,
        -0.55445546168536419,
        -0.83207927671745319,
        -0.014940490776082144,
        0,
        -0.569858860904081,
        0.39268621037726703,
        -0.72184376344791179,
        0,
        -12.103067398071289,
        8.7018394470214844,
        12.343598365783691,
        1
      ],
      "name": "Blau1_JPG"
    },
    {
      "name": ""
    },
    {
      "children": [
        7
      ],
      "matrix": [
        0.78284961840130496,
        -0.60230273086281005,
        0.15613422227088031,
        0,
        -0.60858413116467058,
        -0.79343441539353421,
        -0.0093372246231917116,
        0,
        0.12950610125964784,
        -0.08771116727260235,
        -0.98769171347754248,
        0,
        -10.303729057312012,
        7.4699726104736328,
        -4.4277267456054688,
        1
      ],
      "name": "Blau2_JPG"
    },
    {
      "name": ""
    },
    {
      "children": [
        9
      ],
      "matrix": [
        0.16537739069672963,
        0.80723663268301038,
        -0.5665856841651894,
        0,
        0.98350570773359614,
        -0.092314136238668576,
        0.15554620890895013,
        0,
        0.073258729867364397,
        -0.58296408045873893,
        -0.80918850671096232,
        0,
        -3.2454085350036621,
        -15.219348907470703,
        7.8487339019775391,
        1
      ],
      "name": "Blau3_JPG"
    },
    {
      "name": ""
    },
    {
      "children": [
        11
      ],
      "matrix": [
        0.94199950771896102,
        -0.19239205325428652,
        -0.27499495504796961,
        0,
        -0.18270196670707042,
        -0.98129372452449526,
        0.06068457440085212,
        0,
        -0.28152605353431065,
        -0.0069227200899508907,
        -0.95952861193814987,
        0,
        -15.847686767578125,
        3.3673315048217773,
        1.5141345262527466,
        1
      ],
      "name": "Blau4_JPG"
    },
    {
      "name": ""
    },
    {
      "children": [
        13
      ],
      "matrix": [
        0.79425924012250337,
        -0.59498817489140754,
        -0.12305011669809804,
        0,
        -0.59950610062267373,
        -0.80037009340777221,
        0.00038586867091013749,
        0,
        -0.098715220691746541,
        0.073462815885497523,
        -0.99240038285258336,
        0,
        -12.60444164276123,
        9.4697532653808594,
        1.2573156356811523,
        1
      ],
      "name": "Blau5_JPG"
    },
    {
      "name": ""
    },
    {
      "children": [
        15
      ],
      "matrix": [
        0.11770008679115851,
        0.77512373120899536,
        -0.62074945902996859,
        0,
        0.98980613705114262,
        -0.14204810800264722,
        0.010302721425072769,
        0,
        -0.08019040232626462,
        -0.61563425532495608,
        -0.78394130076507551,
        0,
        -3.2781829833984375,
        -15.259237289428711,
        12.639349937438965,
        1
      ],
      "name": "Blau6_JPG"
    },
    {
      "name": ""
    },
    {
      "children": [
        17
      ],
      "matrix": [
        0.76760481656619262,
        -0.14539332284741191,
        -0.62421440808088535,
        0,
        -0.18684711907605533,
        -0.98238854563973743,
        -0.0009484138444021753,
        0,
        -0.61308319148167834,
        0.11736067087073976,
        -0.78125250287945303,
        0,
        -15.309764862060547,
        3.1335172653198242,
        12.905383110046387,
        1
      ],
      "name": "Blau7_JPG"
    },
    {
      "name": ""
    },
    {
      "children": [
        19
      ],
      "matrix": [
        -0.89969668772019618,
        -0.32130143389816673,
        -0.29548478586940835,
        0,
        -0.38076187697874725,
        0.90866957181076669,
        0.17128923581141703,
        0,
        0.21346255677502188,
        0.26661769978795458,
        -0.93986634103730449,
        0,
        18.283121109008789,
        5.9978847503662109,
        -3.8971173763275146,
        1
      ],
      "name": "Blau8_JPG"
    },
    {
      "name": ""
    },
    {
      "children": [
        21
      ],
      "matrix": [
        0.30059747366558742,
        -0.90359056717069097,
        -0.30522982447004715,
        0,
        -0.94744602214101437,
        -0.31964350894529914,
        0.013193267916085299,
        0,
        -0.10948604456749388,
        0.28522292002797767,
        -0.95218731977257476,
        0,
        -2.7231614589691162,
        12.977959632873535,
        1.6017637252807617,
        1
      ],
      "name": "Gold_1_JPG"
    },
    {
      "name": ""
    },
    {
      "children": [
        23
      ],
      "matrix": [
        -0.70600517593864409,
        -0.16918940088879647,
        -0.68770025314430017,
        0,
        -0.2302239228498334,
        0.97313286896067497,
        -0.0030601790796916523,
        0,
        0.66974147019240071,
        0.15616454775414279,
        -0.72598828993949072,
        0,
        16.916168212890625,
        3.5202109813690186,
        12.205979347229004,
        1
      ],
      "name": "Gold_2_JPG"
    },
    {
      "name": ""
    },
    {
      "children": [
        25
      ],
      "matrix": [
        -0.355734704026059,
        0.91779534623422399,
        -0.17636474359206142,
        0,
        0.93056237015591681,
        0.36533295120350762,
        0.024197314205055914,
        0,
        0.086640034633505308,
        -0.15551056940200805,
        -0.98402742197713611,
        0,
        6.0890517234802246,
        -16.892210006713867,
        1.2775375843048096,
        1
      ],
      "name": "Gold_3_JPG"
    },
    {
      "name": ""
    },
    {
      "children": [
        27
      ],
      "matrix": [
        0.236669323596298,
        -0.76722556924854335,
        -0.59611455036739314,
        0,
        -0.95635145677123867,
        -0.29219647591091147,
        -0.0036208558068004937,
        0,
        -0.17140455769903043,
        0.57095196414102356,
        -0.80289123313404476,
        0,
        -2.6200213432312012,
        12.601908683776855,
        8.0065345764160156,
        1
      ],
      "name": "Gold_4_JPG"
    },
    {
      "name": ""
    },
    {
      "children": [
        29
      ],
      "matrix": [
        -0.22433674736248954,
        -0.68732278075123754,
        -0.69084037146305011,
        0,
        -0.95624431538110699,
        0.29187586939382659,
        0.020131720416200316,
        0,
        0.18780264397536273,
        0.66512846272429527,
        -0.72272698509871569,
        0,
        5.8394875526428223,
        14.667329788208008,
        12.299005508422852,
        1
      ],
      "name": "Gold_5_JPG"
    },
    {
      "name": ""
    },
    {
      "children": [
        31
      ],
      "matrix": [
        0.2197020309017077,
        0.93859135996289644,
        -0.26603999064175615,
        0,
        0.97469712085429661,
        -0.22270016281894733,
        0.019239544660917859,
        0,
        -0.041189078843912472,
        -0.26353537994625148,
        -0.96376997426801747,
        0,
        -3.3640401363372803,
        -15.681623458862305,
        1.7339683771133423,
        1
      ],
      "name": "Gold_6_JPG"
    },
    {
      "name": ""
    },
    {
      "children": [
        33
      ],
      "matrix": [
        0.15532342596198767,
        -0.67573714187974376,
        -0.72059277572816827,
        0,
        -0.97571961903774129,
        -0.21896673273579048,
        -0.0049794557793241268,
        0,
        -0.15442104251777405,
        0.70386993474590753,
        -0.6933406497447816,
        0,
        -2.1673402786254883,
        12.18385124206543,
        12.289422988891602,
        1
      ],
      "name": "Gold_7_JPG"
    },
    {
      "name": ""
    },
    {
      "children": [
        35
      ],
      "matrix": [
        -0.14369870555472475,
        -0.98931133909401103,
        -0.024774106682413453,
        0,
        -0.98762126944137918,
        0.14177247329631615,
        0.067117761899846931,
        0,
        -0.062888076524058006,
        0.034112170195699551,
        -0.99743744148475022,
        0,
        4.2824416160583496,
        17.506143569946289,
        -3.9833517074584961,
        1
      ],
      "name": "Gold_8_JPG"
    },
    {
      "name": ""
    },
    {
      "children": [
        37
      ],
      "matrix": [
        -0.75448577462004041,
        0.29285698455678155,
        -0.58735509063283575,
        0,
        0.30551832227034803,
        0.94876829057490575,
        0.080605741462273534,
        0,
        0.58086983968278938,
        -0.11863185658110603,
        -0.80530535323628039,
        0,
        16.325910568237305,
        -4.8785014152526855,
        12.594367980957031,
        1
      ],
      "name": "Grau_1_JPG"
    },
    {
      "name": ""
    },
    {
      "children": [
        39
      ],
      "matrix": [
        -0.55782168192957937,
        0.5496375233325913,
        -0.62187905907344243,
        0,
        0.70548416416850424,
        0.70869637452516865,
        -0.0064453737167647351,
        0,
        0.43718081531183633,
        -0.44232119741167392,
        -0.78308677235896473,
        0,
        11.949389457702637,
        -12.002546310424805,
        12.976699829101562,
        1
      ],
      "name": "Grau_2_JPG"
    },
    {
      "name": ""
    },
    {
      "children": [
        41
      ],
      "matrix": [
        -0.79465417398309413,
        0.33590724143793649,
        -0.50565904414022189,
        0,
        0.34219700538381914,
        0.93587262935715843,
        0.083926343459400365,
        0,
        0.50142392571315686,
        -0.10634259151287709,
        -0.85864154334200049,
        0,
        16.360807418823242,
        -4.8680682182312012,
        7.7078557014465332,
        1
      ],
      "name": "Grau_3_JPG"
    },
    {
      "name": ""
    },
    {
      "children": [
        43
      ],
      "matrix": [
        -0.779787125647321,
        0.62321234591189556,
        -0.059484540661262152,
        0,
        0.62130956560670902,
        0.7820520312799063,
        0.048672826675415802,
        0,
        0.076853512348441205,
        0.00099612949178932986,
        -0.99704189749766492,
        0,
        14.941812515258789,
        -11.979833602905273,
        -3.5890340805053711,
        1
      ],
      "name": "Grau_4_JPG"
    },
    {
      "name": ""
    },
    {
      "children": [
        45
      ],
      "matrix": [
        -0.87349804642682405,
        -0.34364072329002199,
        -0.34483650645665748,
        0,
        -0.3653833102817084,
        0.93085482274718467,
        -0.0020821949688194577,
        0,
        0.32170825207958625,
        0.12417871099756966,
        -0.93866045419996236,
        0,
        17.038536071777344,
        3.4988672733306885,
        1.6418414115905762,
        1
      ],
      "name": "Grau_5_JPG"
    },
    {
      "name": ""
    },
    {
      "children": [
        47
      ],
      "matrix": [
        -0.63777474007311952,
        -0.68525016759856328,
        -0.35167540251033469,
        0,
        -0.73389727465249266,
        0.67921943149357633,
        0.0074668694368327515,
        0,
        0.23374809343031797,
        0.26285580017888888,
        -0.93609222682917714,
        0,
        13.558403015136719,
        10.861632347106934,
        1.6008555889129639,
        1
      ],
      "name": "Grau_6_JPG"
    },
    {
      "name": ""
    },
    {
      "children": [
        49
      ],
      "matrix": [
        -0.69217963767420376,
        0.68877139118942587,
        -0.21559526865910322,
        0,
        0.70798874067182382,
        0.70600622216891384,
        -0.017525904846917989,
        0,
        0.14014025928024032,
        -0.1647700972196143,
        -0.9763255209155941,
        0,
        12.399013519287109,
        -12.44837760925293,
        1.501399040222168,
        1
      ],
      "name": "Grau_7_JPG"
    },
    {
      "name": ""
    },
    {
      "children": [
        51
      ],
      "matrix": [
        -0.66952844231876507,
        0.63403850950119989,
        -0.38694551734799099,
        0,
        0.68030157903950916,
        0.73256377934730832,
        0.023239422211802113,
        0,
        0.29819695921078382,
        -0.24768019230024216,
        -0.92180968527107399,
        0,
        12.214268684387207,
        -12.315468788146973,
        7.5917248725891113,
        1
      ],
      "name": "Grau_8_JPG"
    },
    {
      "name": ""
    },
    {
      "children": [
        53
      ],
      "matrix": [
        -0.7191176214870989,
        -0.37495574641656398,
        -0.58504532704392631,
        0,
        -0.46817819671966171,
        0.88358641080333733,
        0.009177731746007195,
        0,
        0.5134968574227724,
        0.28050533483852558,
        -0.8109486633222005,
        0,
        17.643503189086914,
        7.5960636138916016,
        9.0406274795532227,
        1
      ],
      "name": "IMG_2058_JPG"
    },
    {
      "name": ""
    },
    {
      "children": [
        55
      ],
      "matrix": [
        -0.51526826204302312,
        0.70004239757704723,
        -0.49440798914028716,
        0,
        0.80328151409547821,
        0.59556826452542289,
        0.0061033927165299595,
        0,
        0.2987263417304189,
        -0.39400391353989817,
        -0.86920854164671324,
        0,
        9.7236871719360352,
        -14.544500350952148,
        6.4553384780883789,
        1
      ],
      "name": "IMG_3487_JPG"
    },
    {
      "name": ""
    },
    {
      "children": [
        57
      ],
      "matrix": [
        0.59369543333568053,
        0.70584715142726717,
        -0.38640073920525975,
        0,
        0.77348120066568893,
        -0.63300536972233545,
        0.032109720015192494,
        0,
        -0.22192918837575837,
        -0.31793710183730106,
        -0.92177189945353355,
        0,
        -11.122291564941406,
        -12.772685050964355,
        7.6105566024780273,
        1
      ],
      "name": "Pink_1_JPG"
    },
    {
      "name": ""
    },
    {
      "children": [
        59
      ],
      "matrix": [
        0.80978514775017574,
        0.27936150187565872,
        -0.51595073965738469,
        0,
        0.30322911102484723,
        -0.95209478307442574,
        -0.03959331091918955,
        0,
        -0.50229485435380183,
        -0.12438920898630659,
        -0.85570275445241761,
        0,
        -15.354278564453125,
        -6.0409412384033203,
        12.32640552520752,
        1
      ],
      "name": "Pink_2_JPG"
    },
    {
      "name": ""
    },
    {
      "children": [
        61
      ],
      "matrix": [
        0.54337279381903136,
        0.61740726851717476,
        -0.56881831169492225,
        0,
        0.76311770422491954,
        -0.64564465430334783,
        0.02818421309880878,
        0,
        -0.34985336419104041,
        -0.44938985875481441,
        -0.82198015694573767,
        0,
        -10.811210632324219,
        -12.534222602844238,
        12.21422004699707,
        1
      ],
      "name": "Pink_3_JPG"
    },
    {
      "name": ""
    },
    {
      "children": [
        63
      ],
      "matrix": [
        0.91233670406134326,
        0.38558156758478168,
        0.13772651582519405,
        0,
        0.39032415503549223,
        -0.92064127757366898,
        -0.0081665184351713757,
        0,
        0.12364785650513335,
        0.061208600428251651,
        -0.9904366283691759,
        0,
        -12.827383995056152,
        -5.6662344932556152,
        -4.416480541229248,
        1
      ],
      "name": "Pink_4_JPG"
    },
    {
      "name": ""
    },
    {
      "children": [
        65
      ],
      "matrix": [
        0.67734080310713041,
        0.70822226903569307,
        -0.19907449381606385,
        0,
        0.7268842295150012,
        -0.68597773622339164,
        0.032769838086478931,
        0,
        -0.11335234152222268,
        -0.16690045850076471,
        -0.97943630912053914,
        0,
        -11.102119445800781,
        -12.788171768188477,
        1.5187360048294067,
        1
      ],
      "name": "Pink_5_JPG"
    },
    {
      "name": ""
    },
    {
      "children": [
        67
      ],
      "matrix": [
        0.29201808920224848,
        0.93157103951639952,
        0.21656600359475245,
        0,
        0.93860943370946781,
        -0.32262542208437139,
        0.12216860470870941,
        0,
        0.18367843240364315,
        0.16759545148725105,
        -0.96859382514577486,
        0,
        -2.7434251308441162,
        -13.599507331848145,
        -4.833132266998291,
        1
      ],
      "name": "Pink_6_JPG"
    },
    {
      "name": ""
    },
    {
      "children": [
        69
      ],
      "matrix": [
        0.80701297489644497,
        0.33558937236447711,
        -0.48591134119796597,
        0,
        0.38976831999002243,
        -0.92084280038672861,
        0.011366341015608544,
        0,
        -0.44363353692089746,
        -0.1985656317995235,
        -0.87393419362507552,
        0,
        -15.263200759887695,
        -6.043123722076416,
        7.8821096420288086,
        1
      ],
      "name": "Pink_7_JPG"
    },
    {
      "name": ""
    },
    {
      "children": [
        71
      ],
      "matrix": [
        0.93052183927052645,
        0.33605629510025925,
        -0.14558596485954295,
        0,
        0.33534110664763206,
        -0.94161344284203174,
        -0.030173936626121171,
        0,
        -0.14722584295203761,
        -0.020743451560991836,
        -0.98888536261004423,
        0,
        -15.591565132141113,
        -6.2349443435668945,
        1.3261042833328247,
        1
      ],
      "name": "Pink_8_JPG"
    },
    {
      "name": ""
    },
    {
      "children": [
        73
      ],
      "matrix": [
        -0.25728541253067649,
        0.72905423452080353,
        -0.63425873240043329,
        0,
        0.93716592651685215,
        0.34829891719330686,
        0.020196298120688239,
        0,
        0.23563582638200256,
        -0.58920945970788252,
        -0.77285701776979132,
        0,
        5.8791375160217285,
        -16.5072021484375,
        12.546488761901855,
        1
      ],
      "name": "Silber1_JPG"
    },
    {
      "name": ""
    },
    {
      "children": [
        75
      ],
      "matrix": [
        -0.88907460309089226,
        0.34099535110367329,
        -0.3053989532798943,
        0,
        0.35690058695481308,
        0.93413377376915274,
        0.0040079589707461838,
        0,
        0.28665017210893551,
        -0.10543369114985908,
        -0.95221605510537044,
        0,
        16.955636978149414,
        -5.1876411437988281,
        1.588903546333313,
        1
      ],
      "name": "Silber2_JPG"
    },
    {
      "name": ""
    },
    {
      "children": [
        77
      ],
      "matrix": [
        -0.27695715410881983,
        0.77650637625087993,
        -0.56597931272235591,
        0,
        0.92901848296298195,
        0.36682010124835207,
        0.048658726178438777,
        0,
        0.24539639993509063,
        -0.51232886016881352,
        -0.8229822269873277,
        0,
        5.8641252517700195,
        -16.259731292724609,
        7.7236390113830566,
        1
      ],
      "name": "Silber3_JPG"
    },
    {
      "name": ""
    },
    {
      "children": [
        79
      ],
      "matrix": [
        -0.60441414912119495,
        -0.54761827463948998,
        -0.57861711141563277,
        0,
        -0.68446111717242952,
        0.7286065956813933,
        0.025404877654508551,
        0,
        0.40767206848295634,
        0.41139598200570582,
        -0.81520355161664337,
        0,
        13.463337898254395,
        10.750960350036621,
        7.7304091453552246,
        1
      ],
      "name": "Silber4_JPG"
    },
    {
      "name": ""
    },
    {
      "children": [
        81
      ],
      "matrix": [
        -0.39828303617686389,
        -0.46545364022637403,
        -0.79039454191799474,
        0,
        -0.77208875054690584,
        0.6353396775626543,
        0.014914938601964134,
        0,
        0.49522680094342358,
        0.61619510133934019,
        -0.61241653530317386,
        0,
        12.902274131774902,
        10.333065032958984,
        12.492708206176758,
        1
      ],
      "name": "Silber5_JPG"
    },
    {
      "name": ""
    },
    {
      "children": [
        83
      ],
      "matrix": [
        -0.25735026829547247,
        -0.92888209084674123,
        -0.26636234852627871,
        0,
        -0.96143988610840148,
        0.27379401878992227,
        -0.025887848012682235,
        0,
        0.096975176246874711,
        0.24942914139901551,
        -0.96352525582510684,
        0,
        6.0749368667602539,
        15.385876655578613,
        1.4101283550262451,
        1
      ],
      "name": "Silber6_JPG"
    },
    {
      "name": ""
    },
    {
      "children": [
        85
      ],
      "matrix": [
        -0.23662734933490404,
        -0.78520255458991273,
        -0.57224509243174171,
        0,
        -0.95362676548469272,
        0.30045666200426124,
        -0.017938405962070192,
        0,
        0.18602013250704946,
        0.54146351910607271,
        -0.8198864359039777,
        0,
        5.896479606628418,
        15.074341773986816,
        7.7326040267944336,
        1
      ],
      "name": "Silber7_JPG"
    },
    {
      "name": ""
    },
    {
      "children": [
        87
      ],
      "matrix": [
        -0.79470780257538598,
        -0.19421307222876874,
        -0.57508329057734286,
        0,
        -0.21821753872377417,
        0.97550169232647777,
        -0.02788465638152976,
        0,
        0.56641028797077797,
        0.10333310623242156,
        -0.81761950492709001,
        0,
        17.135269165039062,
        3.4460904598236084,
        7.8219261169433594,
        1
      ],
      "name": "Silber8_JPG"
    },
    {
      "name": ""
    },
    {
      "children": [
        89,
        90,
        91,
        92
      ],
      "name": "mainMeshNode"
    },
    {
      "mesh": 0,
      "name": "mainMeshNode_Material_0_0"
    },
    {
      "mesh": 1,
      "name": "mainMeshNode_Material_0_0"
    },
    {
      "mesh": 2,
      "name": "mainMeshNode_Material_0_0"
    },
    {
      "mesh": 3,
      "name": "mainMeshNode_Material_0_0"
    }
  ],
  "samplers": [
    {
      "magFilter": 9729,
      "minFilter": 9987,
      "wrapS": 10497,
      "wrapT": 10497
    }
  ],
  "scene": 0,
  "scenes": [
    {
      "name": "OSG_Scene",
      "nodes": [
        0
      ]
    }
  ],
  "textures": [
    {
      "sampler": 0,
      "source": 0
    }
  ]
}

